1027
1034
1036
1041
1114
1118
1129
1131
1138
114
1175
1187
1191
1193
1195
1197
1199
1205
1212
1215
1225
1236
1243
1263
1271
127
1287
1344
1359
1375
1396
1397
139
1403
1410
1418
1435
1436
1438
1464
1468
1471
1488
1522
1543
1562
156
1574
1603
160
161
1641
1685
1708
1713
172
1730
175
1784
1792
179
1884
190
1916
192
1934
196
2030
2031
2037
2067
2073
2103
2128
2223
2230
2268
2282
2291
2292
2326
2333
2386
2389
2394
2395
2398
2401
2407
2413
2424
2425
2428
2430
2436
2462
2465
2489
2493
2552
2564
2580
2588
266
272
285
315
353
395
407
459
462
494
496
498
515
52
531
544
596
626
693
709
760
780
831
844
870
886
896
897
904
907
90
953
965
974
975
982
